=~=~=~=~=~=~=~=~=~=~=~= PuTTY log 2022.07.19 16:35:02 =~=~=~=~=~=~=~=~=~=~=~=
350376
391
407
353
358
338
0
23
88
192
211
208
219
235
308
285
273
296
388
373
285
291
294
390
408
407
459
418
440
435
432
462
414
406
358
459
377
446
446
0
484
480
515
456
422
434
493
489
402
419
396
402
406
406
407
523
429
425
426
425
417
420
408
413
414
412
412
422
473
416
439
444
488
553
511
417
466
449
437
527
442
438
438
406
429
450
439
437
437
441
443
409
439
598
563
445
435
460
388
6
611
563
638
606
727
641
660
657
630
630
628
677
691
647
641
677
676
675
672
672
671
673
666
665
663
663
660
683
595
560
562
587
625
625
626
635
642
637
637
622
641
622
670
647
406
658
489
468
161
461
318
477
0
398
620
624
548
589
514
498
507
538
508
406
0
0
0
0
0
0
0
0
0
0
0
0
0
0
0
0
0
0
0
0
0
0
0
0
0
0
0
0
0
0
0
0
0
0
0
0
0
0
0
0
0
0
0
0
0
0
0
0
0
0
0
0
0
0
0
0
0
0
0
0
0
0
0
0
0
0
0
0
0
0
0
0
0
0
0
0
0
0
0
0
0
0
0
0
0
0
0
0
0
0
0
0
0
0
0
0
0
0
0
0
0
0
0
0
0
0
0
0
0
328
309
342
349
369
410
421
413
400
411
435
430
0
0
0
0
0